{
  "height": 645,
  "width": 268,
  "x": 542.703125,
  "y": 505.453125
}