{
  "height": 685,
  "width": 268,
  "x": 275.109375,
  "y": 578.484375
}