{
  "height": 657,
  "width": 268,
  "x": 810.296875,
  "y": 3257.265625
}