{
  "height": 657,
  "width": 268,
  "x": 1077.890625,
  "y": 3257.265625
}