{
  "height": 645,
  "width": 268,
  "x": 1077.890625,
  "y": 578.484375
}