{
  "height": 686,
  "width": 268,
  "x": 810.296875,
  "y": 2571.03125
}