{
  "height": 686,
  "width": 268,
  "x": 1077.890625,
  "y": 2571.03125
}