{
  "height": 686,
  "width": 268,
  "x": 1077.890625,
  "y": 1223.71875
}