{
  "height": 645,
  "width": 268,
  "x": 810.296875,
  "y": 578.484375
}