{
  "height": 661,
  "width": 268,
  "x": 810.296875,
  "y": 1909.96875
}