{
  "height": 657,
  "width": 268,
  "x": 542.703125,
  "y": 3257.265625
}