{
  "height": 661,
  "width": 268,
  "x": 275.109375,
  "y": 1909.96875
}