{
  "height": 661,
  "width": 268,
  "x": 542.703125,
  "y": 1909.96875
}