{
  "height": 686,
  "width": 268,
  "x": 542.703125,
  "y": 1223.71875
}