{
  "height": 686,
  "width": 268,
  "x": 275.109375,
  "y": 1223.71875
}